1
2
15
3
ALL: 
2 **************
3 ***************
4 ***************************
5 **********
6 ****
7 *
30
CP: 
2 *
3 
4 
5 
6 
7 

2 *
3 *
4 
5 
6 
7 

2 *
3 *
4 *
5 
6 
7 

2 *
3 *
4 *
5 *
6 
7 

2 *
3 *
4 *
5 *
6 *
7 

2 *
3 *
4 *
5 *
6 *
7 *

2 *
3 *
4 *
5 *
6 *
7 

2 *
3 *
4 *
5 *
6 *
7 

2 *
3 *
4 *
5 *
6 
7 

2 *
3 *
4 *
5 *
6 
7 

2 *
3 *
4 *
5 *
6 
7 

2 *
3 *
4 *
5 *
6 
7 

2 *
3 *
4 *
5 *
6 
7 

2 *
3 *
4 *
5 
6 
7 

2 
3 *
4 *
5 
6 
7 

2 
3 *
4 *
5 
6 
7 

2 
3 
4 *
5 
6 
7 

2 
3 
4 *
5 
6 
7 

2 
3 
4 *
5 
6 
7 

2 
3 
4 *
5 
6 
7 

2 
3 
4 *
5 
6 
7 

2 
3 
4 *
5 
6 
7 

2 
3 
4 *
5 
6 
7 

2 
3 
4 *
5 
6 
7 

2 
3 
4 *
5 
6 
7 

2 
3 
4 *
5 
6 
7 

2 
3 
4 *
5 
6 
7 

2 
3 
4 *
5 
6 
7 

2 
3 
4 *
5 
6 
7 

2 
3 
4 
5 
6 
7 
