1
2
20
3
ALL: 
2 *********
3 *************************************
4 ***********************************
5 ***********
6 ***
7 *
41
CP: 
2 *
3 
4 
5 
6 
7 

2 *
3 *
4 
5 
6 
7 

2 *
3 *
4 *
5 
6 
7 

2 *
3 *
4 *
5 *
6 
7 

2 *
3 *
4 *
5 *
6 *
7 

2 *
3 *
4 *
5 *
6 *
7 *

2 *
3 *
4 *
5 *
6 *
7 

2 *
3 *
4 *
5 *
6 
7 

2 *
3 *
4 *
5 *
6 
7 

2 
3 *
4 *
5 *
6 
7 

2 
3 *
4 *
5 *
6 
7 

2 
3 *
4 *
5 *
6 
7 

2 
3 *
4 *
5 *
6 
7 

2 
3 *
4 *
5 *
6 
7 

2 
3 *
4 *
5 
6 
7 

2 
3 *
4 *
5 
6 
7 

2 
3 *
4 *
5 
6 
7 

2 
3 *
4 *
5 
6 
7 

2 
3 *
4 *
5 
6 
7 

2 
3 *
4 *
5 
6 
7 

2 
3 *
4 *
5 
6 
7 

2 
3 *
4 *
5 
6 
7 

2 
3 *
4 *
5 
6 
7 

2 
3 *
4 *
5 
6 
7 

2 
3 *
4 *
5 
6 
7 

2 
3 *
4 *
5 
6 
7 

2 
3 *
4 *
5 
6 
7 

2 
3 *
4 *
5 
6 
7 

2 
3 *
4 *
5 
6 
7 

2 
3 *
4 *
5 
6 
7 

2 
3 *
4 *
5 
6 
7 

2 
3 *
4 *
5 
6 
7 

2 
3 *
4 *
5 
6 
7 

2 
3 *
4 *
5 
6 
7 

2 
3 *
4 *
5 
6 
7 

2 
3 *
4 *
5 
6 
7 

2 
3 *
4 *
5 
6 
7 

2 
3 *
4 
5 
6 
7 

2 
3 
4 
5 
6 
7 
